Log file name: logFile.txt
Max run time: 20
System Resources:
  0   1   2   3   4   5   6   7   8   9  10  11  12  13  14  15  16  17  18  19 
 13   8  14   7  13  12   7   7   6   6   7  13   7  12  14   9  12  13   7   7 
Resource Maxes:
      0   1   2   3   4   5   6   7   8   9  10  11  12  13  14  15  16  17  18  19 
 P0   1   2   2   2   1   3   1   3   1   1   2   1   3   1   2   2   3   3   3   1 
 P1   3   3   2   2   1   1   1   2   1   3   3   2   2   1   1   2   2   1   1   3 
 P2   1   1   1   1   2   2   3   2   2   2   2   3   2   1   1   2   1   2   2   2 
 P3   2   1   1   1   3   1   3   2   2   1   1   3   2   3   1   3   2   3   1   1 
 P4   2   3   3   1   1   1   3   2   2   2   1   2   3   1   2   2   2   1   1   1 
 P5   2   3   1   3   2   1   1   3   2   2   3   3   2   3   1   3   1   1   1   1 
 P6   2   3   2   1   3   3   1   3   1   1   1   3   3   1   3   2   2   1   2   1 
 P7   3   1   2   2   2   2   1   2   3   2   2   2   1   3   3   2   3   3   1   2 
 P8   2   2   2   2   3   1   1   2   3   2   3   2   3   1   1   1   3   2   1   2 
 P9   3   3   3   2   1   2   1   3   3   2   2   2   3   3   3   2   2   1   3   1 
P10   2   3   3   3   3   3   1   2   1   1   1   1   1   1   3   2   1   3   2   3 
P11   2   1   2   1   3   1   3   1   2   1   2   1   3   1   3   1   3   1   2   1 
P12   2   1   3   3   1   2   1   1   3   1   1   1   1   2   2   3   1   2   2   3 
P13   2   3   3   3   1   1   3   1   2   2   3   1   2   2   1   3   3   2   1   2 
P14   2   3   1   3   1   3   3   2   1   1   1   1   1   1   3   1   2   2   3   3 
P15   3   2   1   3   3   2   3   3   2   3   3   3   2   3   1   1   2   3   2   2 
P16   1   3   3   1   1   2   3   3   1   2   3   2   3   3   1   3   2   3   2   3 
P17   3   1   3   2   1   3   3   2   3   1   2   3   1   1   2   2   1   2   1   1 
Execed child 1096
Execed child 1097
Execed child 1098
Execed child 1099
Execed child 1100
Execed child 1101
Execed child 1102
Execed child 1103
Execed child 1104
Execed child 1105
Execed child 1106
Execed child 1107
Execed child 1108
Parent: Recived msg from Requesting:
  0   1   2   3   4   5   6   7   8   9  10  11  12  13  14  15  16  17  18  19 
  0   -1   0   -2   -1   -1   -1   0   0   0   0   0   -3   -1   0   0   -2   -1   -2   0 
Parent: sent msg to child 1096 Granting Request
System Resources:
  0   1   2   3   4   5   6   7   8   9  10  11  12  13  14  15  16  17  18  19 
 13   8  14   7  13  12   7   7   6   6   7  13   7  12  14   9  12  13   7   7 
Resources Alocated:
      0   1   2   3   4   5   6   7   8   9  10  11  12  13  14  15  16  17  18  19 
 P0   0   0   0   0   0   0   0   0   0   0   0   0   0   0   0   0   0   0   0   0 
 P1   0   0   0   0   0   0   0   0   0   0   0   0   0   0   0   0   0   0   0   0 
 P2   0   0   0   0   0   0   0   0   0   0   0   0   0   0   0   0   0   0   0   0 
 P3   0   0   0   0   0   0   0   0   0   0   0   0   0   0   0   0   0   0   0   0 
 P4   0   0   0   0   0   0   0   0   0   0   0   0   0   0   0   0   0   0   0   0 
 P5   0   0   0   0   0   0   0   0   0   0   0   0   0   0   0   0   0   0   0   0 
 P6   0   0   0   0   0   0   0   0   0   0   0   0   0   0   0   0   0   0   0   0 
 P7   0   0   0   0   0   0   0   0   0   0   0   0   0   0   0   0   0   0   0   0 
 P8   0   0   0   0   0   0   0   0   0   0   0   0   0   0   0   0   0   0   0   0 
 P9   0   0   0   0   0   0   0   0   0   0   0   0   0   0   0   0   0   0   0   0 
P10   0   0   0   0   0   0   0   0   0   0   0   0   0   0   0   0   0   0   0   0 
P11   0   0   0   0   0   0   0   0   0   0   0   0   0   0   0   0   0   0   0   0 
P12   0   0   0   0   0   0   0   0   0   0   0   0   0   0   0   0   0   0   0   0 
P13   0   0   0   0   0   0   0   0   0   0   0   0   0   0   0   0   0   0   0   0 
P14   0   0   0   0   0   0   0   0   0   0   0   0   0   0   0   0   0   0   0   0 
P15   0   0   0   0   0   0   0   0   0   0   0   0   0   0   0   0   0   0   0   0 
P16   0   0   0   0   0   0   0   0   0   0   0   0   0   0   0   0   0   0   0   0 
P17   0   0   0   0   0   0   0   0   0   0   0   0   0   0   0   0   0   0   0   0 
Execed child 1109
Parent: Recived msg from Requesting:
  0   1   2   3   4   5   6   7   8   9  10  11  12  13  14  15  16  17  18  19 
  3   1   0   1   1   1   1   0   0   3   1   0   2   1   1   0   0   1   0   0 
Parent: sent msg to child 1097 Granting Request
System Resources:
  0   1   2   3   4   5   6   7   8   9  10  11  12  13  14  15  16  17  18  19 
 13   8  14   7  13  12   7   7   6   6   7  13   7  12  14   9  12  13   7   7 
Resources Alocated:
      0   1   2   3   4   5   6   7   8   9  10  11  12  13  14  15  16  17  18  19 
 P0   0   0   0   0   0   0   0   0   0   0   0   0   0   0   0   0   0   0   0   0 
 P1   3   1   0   1   1   1   1   0   0   3   1   0   2   1   1   0   0   1   0   0 
 P2   0   0   0   0   0   0   0   0   0   0   0   0   0   0   0   0   0   0   0   0 
 P3   0   0   0   0   0   0   0   0   0   0   0   0   0   0   0   0   0   0   0   0 
 P4   0   0   0   0   0   0   0   0   0   0   0   0   0   0   0   0   0   0   0   0 
 P5   0   0   0   0   0   0   0   0   0   0   0   0   0   0   0   0   0   0   0   0 
 P6   0   0   0   0   0   0   0   0   0   0   0   0   0   0   0   0   0   0   0   0 
 P7   0   0   0   0   0   0   0   0   0   0   0   0   0   0   0   0   0   0   0   0 
 P8   0   0   0   0   0   0   0   0   0   0   0   0   0   0   0   0   0   0   0   0 
 P9   0   0   0   0   0   0   0   0   0   0   0   0   0   0   0   0   0   0   0   0 
P10   0   0   0   0   0   0   0   0   0   0   0   0   0   0   0   0   0   0   0   0 
P11   0   0   0   0   0   0   0   0   0   0   0   0   0   0   0   0   0   0   0   0 
P12   0   0   0   0   0   0   0   0   0   0   0   0   0   0   0   0   0   0   0   0 
P13   0   0   0   0   0   0   0   0   0   0   0   0   0   0   0   0   0   0   0   0 
P14   0   0   0   0   0   0   0   0   0   0   0   0   0   0   0   0   0   0   0   0 
P15   0   0   0   0   0   0   0   0   0   0   0   0   0   0   0   0   0   0   0   0 
P16   0   0   0   0   0   0   0   0   0   0   0   0   0   0   0   0   0   0   0   0 
P17   0   0   0   0   0   0   0   0   0   0   0   0   0   0   0   0   0   0   0   0 
Execed child 1110
Parent: Recived msg from Requesting:
  0   1   2   3   4   5   6   7   8   9  10  11  12  13  14  15  16  17  18  19 
  0   0   0   0   0   -1   -3   -1   0   -2   -1   -2   0   -1   0   -2   -1   -2   0   -1 
Parent: sent msg to child 1098 Granting Request
System Resources:
  0   1   2   3   4   5   6   7   8   9  10  11  12  13  14  15  16  17  18  19 
 13   8  14   7  13  12   7   7   6   6   7  13   7  12  14   9  12  13   7   7 
Resources Alocated:
      0   1   2   3   4   5   6   7   8   9  10  11  12  13  14  15  16  17  18  19 
 P0   0   0   0   0   0   0   0   0   0   0   0   0   0   0   0   0   0   0   0   0 
 P1   3   1   0   1   1   1   1   0   0   3   1   0   2   1   1   0   0   1   0   0 
 P2   0   0   0   0   0   0   0   0   0   0   0   0   0   0   0   0   0   0   0   0 
 P3   0   0   0   0   0   0   0   0   0   0   0   0   0   0   0   0   0   0   0   0 
 P4   0   0   0   0   0   0   0   0   0   0   0   0   0   0   0   0   0   0   0   0 
 P5   0   0   0   0   0   0   0   0   0   0   0   0   0   0   0   0   0   0   0   0 
 P6   0   0   0   0   0   0   0   0   0   0   0   0   0   0   0   0   0   0   0   0 
 P7   0   0   0   0   0   0   0   0   0   0   0   0   0   0   0   0   0   0   0   0 
 P8   0   0   0   0   0   0   0   0   0   0   0   0   0   0   0   0   0   0   0   0 
 P9   0   0   0   0   0   0   0   0   0   0   0   0   0   0   0   0   0   0   0   0 
P10   0   0   0   0   0   0   0   0   0   0   0   0   0   0   0   0   0   0   0   0 
P11   0   0   0   0   0   0   0   0   0   0   0   0   0   0   0   0   0   0   0   0 
P12   0   0   0   0   0   0   0   0   0   0   0   0   0   0   0   0   0   0   0   0 
P13   0   0   0   0   0   0   0   0   0   0   0   0   0   0   0   0   0   0   0   0 
P14   0   0   0   0   0   0   0   0   0   0   0   0   0   0   0   0   0   0   0   0 
P15   0   0   0   0   0   0   0   0   0   0   0   0   0   0   0   0   0   0   0   0 
P16   0   0   0   0   0   0   0   0   0   0   0   0   0   0   0   0   0   0   0   0 
P17   0   0   0   0   0   0   0   0   0   0   0   0   0   0   0   0   0   0   0   0 
Execed child 1111
Parent: Recived msg from Requesting:
  0   1   2   3   4   5   6   7   8   9  10  11  12  13  14  15  16  17  18  19 
  0   0   0   1   0   0   0   2   0   0   0   3   0   2   0   3   0   0   0   0 
Parent: sent msg to child 1099 Granting Request
System Resources:
  0   1   2   3   4   5   6   7   8   9  10  11  12  13  14  15  16  17  18  19 
 13   8  14   7  13  12   7   7   6   6   7  13   7  12  14   9  12  13   7   7 
Resources Alocated:
      0   1   2   3   4   5   6   7   8   9  10  11  12  13  14  15  16  17  18  19 
 P0   0   0   0   0   0   0   0   0   0   0   0   0   0   0   0   0   0   0   0   0 
 P1   3   1   0   1   1   1   1   0   0   3   1   0   2   1   1   0   0   1   0   0 
 P2   0   0   0   0   0   0   0   0   0   0   0   0   0   0   0   0   0   0   0   0 
 P3   0   0   0   1   0   0   0   2   0   0   0   3   0   2   0   3   0   0   0   0 
 P4   0   0   0   0   0   0   0   0   0   0   0   0   0   0   0   0   0   0   0   0 
 P5   0   0   0   0   0   0   0   0   0   0   0   0   0   0   0   0   0   0   0   0 
 P6   0   0   0   0   0   0   0   0   0   0   0   0   0   0   0   0   0   0   0   0 
 P7   0   0   0   0   0   0   0   0   0   0   0   0   0   0   0   0   0   0   0   0 
 P8   0   0   0   0   0   0   0   0   0   0   0   0   0   0   0   0   0   0   0   0 
 P9   0   0   0   0   0   0   0   0   0   0   0   0   0   0   0   0   0   0   0   0 
P10   0   0   0   0   0   0   0   0   0   0   0   0   0   0   0   0   0   0   0   0 
P11   0   0   0   0   0   0   0   0   0   0   0   0   0   0   0   0   0   0   0   0 
P12   0   0   0   0   0   0   0   0   0   0   0   0   0   0   0   0   0   0   0   0 
P13   0   0   0   0   0   0   0   0   0   0   0   0   0   0   0   0   0   0   0   0 
P14   0   0   0   0   0   0   0   0   0   0   0   0   0   0   0   0   0   0   0   0 
P15   0   0   0   0   0   0   0   0   0   0   0   0   0   0   0   0   0   0   0   0 
P16   0   0   0   0   0   0   0   0   0   0   0   0   0   0   0   0   0   0   0   0 
P17   0   0   0   0   0   0   0   0   0   0   0   0   0   0   0   0   0   0   0   0 
Execed child 1112
Parent: Recived msg from Requesting:
  0   1   2   3   4   5   6   7   8   9  10  11  12  13  14  15  16  17  18  19 
  0   1   1   3   0   1   1   0   0   0   1   1   0   1   1   1   3   2   0   1 
Parent: sent msg to child 1096 Granting Request
System Resources:
  0   1   2   3   4   5   6   7   8   9  10  11  12  13  14  15  16  17  18  19 
 13   8  14   7  13  12   7   7   6   6   7  13   7  12  14   9  12  13   7   7 
Resources Alocated:
      0   1   2   3   4   5   6   7   8   9  10  11  12  13  14  15  16  17  18  19 
 P0   0   1   1   3   0   1   1   0   0   0   1   1   0   1   1   1   3   2   0   1 
 P1   3   1   0   1   1   1   1   0   0   3   1   0   2   1   1   0   0   1   0   0 
 P2   0   0   0   0   0   0   0   0   0   0   0   0   0   0   0   0   0   0   0   0 
 P3   0   0   0   1   0   0   0   2   0   0   0   3   0   2   0   3   0   0   0   0 
 P4   0   0   0   0   0   0   0   0   0   0   0   0   0   0   0   0   0   0   0   0 
 P5   0   0   0   0   0   0   0   0   0   0   0   0   0   0   0   0   0   0   0   0 
 P6   0   0   0   0   0   0   0   0   0   0   0   0   0   0   0   0   0   0   0   0 
 P7   0   0   0   0   0   0   0   0   0   0   0   0   0   0   0   0   0   0   0   0 
 P8   0   0   0   0   0   0   0   0   0   0   0   0   0   0   0   0   0   0   0   0 
 P9   0   0   0   0   0   0   0   0   0   0   0   0   0   0   0   0   0   0   0   0 
P10   0   0   0   0   0   0   0   0   0   0   0   0   0   0   0   0   0   0   0   0 
P11   0   0   0   0   0   0   0   0   0   0   0   0   0   0   0   0   0   0   0   0 
P12   0   0   0   0   0   0   0   0   0   0   0   0   0   0   0   0   0   0   0   0 
P13   0   0   0   0   0   0   0   0   0   0   0   0   0   0   0   0   0   0   0   0 
P14   0   0   0   0   0   0   0   0   0   0   0   0   0   0   0   0   0   0   0   0 
P15   0   0   0   0   0   0   0   0   0   0   0   0   0   0   0   0   0   0   0   0 
P16   0   0   0   0   0   0   0   0   0   0   0   0   0   0   0   0   0   0   0   0 
P17   0   0   0   0   0   0   0   0   0   0   0   0   0   0   0   0   0   0   0   0 
Execed child 1113
Parent: Recived msg from Requesting:
  0   1   2   3   4   5   6   7   8   9  10  11  12  13  14  15  16  17  18  19 
  0   1   0   1   0   0   0   0   0   1   0   0   1   1   2   1   0   0   1   1 
Parent: sent msg to child 1100 Granting Request
System Resources:
  0   1   2   3   4   5   6   7   8   9  10  11  12  13  14  15  16  17  18  19 
 13   8  14   7  13  12   7   7   6   6   7  13   7  12  14   9  12  13   7   7 
Resources Alocated:
      0   1   2   3   4   5   6   7   8   9  10  11  12  13  14  15  16  17  18  19 
 P0   0   1   1   3   0   1   1   0   0   0   1   1   0   1   1   1   3   2   0   1 
 P1   3   1   0   1   1   1   1   0   0   3   1   0   2   1   1   0   0   1   0   0 
 P2   0   0   0   0   0   0   0   0   0   0   0   0   0   0   0   0   0   0   0   0 
 P3   0   0   0   1   0   0   0   2   0   0   0   3   0   2   0   3   0   0   0   0 
 P4   0   1   0   1   0   0   0   0   0   1   0   0   1   1   2   1   0   0   1   1 
 P5   0   0   0   0   0   0   0   0   0   0   0   0   0   0   0   0   0   0   0   0 
 P6   0   0   0   0   0   0   0   0   0   0   0   0   0   0   0   0   0   0   0   0 
 P7   0   0   0   0   0   0   0   0   0   0   0   0   0   0   0   0   0   0   0   0 
 P8   0   0   0   0   0   0   0   0   0   0   0   0   0   0   0   0   0   0   0   0 
 P9   0   0   0   0   0   0   0   0   0   0   0   0   0   0   0   0   0   0   0   0 
P10   0   0   0   0   0   0   0   0   0   0   0   0   0   0   0   0   0   0   0   0 
P11   0   0   0   0   0   0   0   0   0   0   0   0   0   0   0   0   0   0   0   0 
P12   0   0   0   0   0   0   0   0   0   0   0   0   0   0   0   0   0   0   0   0 
P13   0   0   0   0   0   0   0   0   0   0   0   0   0   0   0   0   0   0   0   0 
P14   0   0   0   0   0   0   0   0   0   0   0   0   0   0   0   0   0   0   0   0 
P15   0   0   0   0   0   0   0   0   0   0   0   0   0   0   0   0   0   0   0   0 
P16   0   0   0   0   0   0   0   0   0   0   0   0   0   0   0   0   0   0   0   0 
P17   0   0   0   0   0   0   0   0   0   0   0   0   0   0   0   0   0   0   0   0 
Parent: Recived msg from Requesting:
  0   1   2   3   4   5   6   7   8   9  10  11  12  13  14  15  16  17  18  19 
  0   2   1   0   0   0   0   2   0   0   1   0   0   0   0   2   0   0   0   2 
Parent: sent msg to child 1097 Granting Request
System Resources:
  0   1   2   3   4   5   6   7   8   9  10  11  12  13  14  15  16  17  18  19 
 13   8  14   7  13  12   7   7   6   6   7  13   7  12  14   9  12  13   7   7 
Resources Alocated:
      0   1   2   3   4   5   6   7   8   9  10  11  12  13  14  15  16  17  18  19 
 P0   0   1   1   3   0   1   1   0   0   0   1   1   0   1   1   1   3   2   0   1 
 P1   3   3   1   1   1   1   1   2   0   3   2   0   2   1   1   2   0   1   0   2 
 P2   0   0   0   0   0   0   0   0   0   0   0   0   0   0   0   0   0   0   0   0 
 P3   0   0   0   1   0   0   0   2   0   0   0   3   0   2   0   3   0   0   0   0 
 P4   0   1   0   1   0   0   0   0   0   1   0   0   1   1   2   1   0   0   1   1 
 P5   0   0   0   0   0   0   0   0   0   0   0   0   0   0   0   0   0   0   0   0 
 P6   0   0   0   0   0   0   0   0   0   0   0   0   0   0   0   0   0   0   0   0 
 P7   0   0   0   0   0   0   0   0   0   0   0   0   0   0   0   0   0   0   0   0 
 P8   0   0   0   0   0   0   0   0   0   0   0   0   0   0   0   0   0   0   0   0 
 P9   0   0   0   0   0   0   0   0   0   0   0   0   0   0   0   0   0   0   0   0 
P10   0   0   0   0   0   0   0   0   0   0   0   0   0   0   0   0   0   0   0   0 
P11   0   0   0   0   0   0   0   0   0   0   0   0   0   0   0   0   0   0   0   0 
P12   0   0   0   0   0   0   0   0   0   0   0   0   0   0   0   0   0   0   0   0 
P13   0   0   0   0   0   0   0   0   0   0   0   0   0   0   0   0   0   0   0   0 
P14   0   0   0   0   0   0   0   0   0   0   0   0   0   0   0   0   0   0   0   0 
P15   0   0   0   0   0   0   0   0   0   0   0   0   0   0   0   0   0   0   0   0 
P16   0   0   0   0   0   0   0   0   0   0   0   0   0   0   0   0   0   0   0   0 
P17   0   0   0   0   0   0   0   0   0   0   0   0   0   0   0   0   0   0   0   0 
Parent: Recived msg from Requesting:
  0   1   2   3   4   5   6   7   8   9  10  11  12  13  14  15  16  17  18  19 
  0   1   0   3   0   1   0   3   0   1   3   2   0   1   0   0   0   0   0   1 
Parent: sent msg to child 1101 Granting Request
System Resources:
  0   1   2   3   4   5   6   7   8   9  10  11  12  13  14  15  16  17  18  19 
 13   8  14   7  13  12   7   7   6   6   7  13   7  12  14   9  12  13   7   7 
Resources Alocated:
      0   1   2   3   4   5   6   7   8   9  10  11  12  13  14  15  16  17  18  19 
 P0   0   1   1   3   0   1   1   0   0   0   1   1   0   1   1   1   3   2   0   1 
 P1   3   3   1   1   1   1   1   2   0   3   2   0   2   1   1   2   0   1   0   2 
 P2   0   0   0   0   0   0   0   0   0   0   0   0   0   0   0   0   0   0   0   0 
 P3   0   0   0   1   0   0   0   2   0   0   0   3   0   2   0   3   0   0   0   0 
 P4   0   1   0   1   0   0   0   0   0   1   0   0   1   1   2   1   0   0   1   1 
 P5   0   1   0   3   0   1   0   3   0   1   3   2   0   1   0   0   0   0   0   1 
 P6   0   0   0   0   0   0   0   0   0   0   0   0   0   0   0   0   0   0   0   0 
 P7   0   0   0   0   0   0   0   0   0   0   0   0   0   0   0   0   0   0   0   0 
 P8   0   0   0   0   0   0   0   0   0   0   0   0   0   0   0   0   0   0   0   0 
 P9   0   0   0   0   0   0   0   0   0   0   0   0   0   0   0   0   0   0   0   0 
P10   0   0   0   0   0   0   0   0   0   0   0   0   0   0   0   0   0   0   0   0 
P11   0   0   0   0   0   0   0   0   0   0   0   0   0   0   0   0   0   0   0   0 
P12   0   0   0   0   0   0   0   0   0   0   0   0   0   0   0   0   0   0   0   0 
P13   0   0   0   0   0   0   0   0   0   0   0   0   0   0   0   0   0   0   0   0 
P14   0   0   0   0   0   0   0   0   0   0   0   0   0   0   0   0   0   0   0   0 
P15   0   0   0   0   0   0   0   0   0   0   0   0   0   0   0   0   0   0   0   0 
P16   0   0   0   0   0   0   0   0   0   0   0   0   0   0   0   0   0   0   0   0 
P17   0   0   0   0   0   0   0   0   0   0   0   0   0   0   0   0   0   0   0   0 
Parent: Recived msg from Requesting:
  0   1   2   3   4   5   6   7   8   9  10  11  12  13  14  15  16  17  18  19 
  0   1   2   0   3   3   1   0   0   0   0   2   2   0   3   2   1   0   0   0 
Parent: sent msg to child 1102 denying Request
Parrent: added process 1102 to blocked queue.
System Resources:
  0   1   2   3   4   5   6   7   8   9  10  11  12  13  14  15  16  17  18  19 
 13   8  14   7  13  12   7   7   6   6   7  13   7  12  14   9  12  13   7   7 
Resources Alocated:
      0   1   2   3   4   5   6   7   8   9  10  11  12  13  14  15  16  17  18  19 
 P0   0   1   1   3   0   1   1   0   0   0   1   1   0   1   1   1   3   2   0   1 
 P1   3   3   1   1   1   1   1   2   0   3   2   0   2   1   1   2   0   1   0   2 
 P2   0   0   0   0   0   0   0   0   0   0   0   0   0   0   0   0   0   0   0   0 
 P3   0   0   0   1   0   0   0   2   0   0   0   3   0   2   0   3   0   0   0   0 
 P4   0   1   0   1   0   0   0   0   0   1   0   0   1   1   2   1   0   0   1   1 
 P5   0   1   0   3   0   1   0   3   0   1   3   2   0   1   0   0   0   0   0   1 
 P6   0   0   0   0   0   0   0   0   0   0   0   0   0   0   0   0   0   0   0   0 
 P7   0   0   0   0   0   0   0   0   0   0   0   0   0   0   0   0   0   0   0   0 
 P8   0   0   0   0   0   0   0   0   0   0   0   0   0   0   0   0   0   0   0   0 
 P9   0   0   0   0   0   0   0   0   0   0   0   0   0   0   0   0   0   0   0   0 
P10   0   0   0   0   0   0   0   0   0   0   0   0   0   0   0   0   0   0   0   0 
P11   0   0   0   0   0   0   0   0   0   0   0   0   0   0   0   0   0   0   0   0 
P12   0   0   0   0   0   0   0   0   0   0   0   0   0   0   0   0   0   0   0   0 
P13   0   0   0   0   0   0   0   0   0   0   0   0   0   0   0   0   0   0   0   0 
P14   0   0   0   0   0   0   0   0   0   0   0   0   0   0   0   0   0   0   0   0 
P15   0   0   0   0   0   0   0   0   0   0   0   0   0   0   0   0   0   0   0   0 
P16   0   0   0   0   0   0   0   0   0   0   0   0   0   0   0   0   0   0   0   0 
P17   0   0   0   0   0   0   0   0   0   0   0   0   0   0   0   0   0   0   0   0 
Parent: Recived msg from Requesting:
  0   1   2   3   4   5   6   7   8   9  10  11  12  13  14  15  16  17  18  19 
  0   0   0   0   0   0   0   0   3   2   2   0   0   1   0   0   3   2   1   2 
Parent: sent msg to child 1103 denying Request
Parrent: added process 1103 to blocked queue.
System Resources:
  0   1   2   3   4   5   6   7   8   9  10  11  12  13  14  15  16  17  18  19 
 13   8  14   7  13  12   7   7   6   6   7  13   7  12  14   9  12  13   7   7 
Resources Alocated:
      0   1   2   3   4   5   6   7   8   9  10  11  12  13  14  15  16  17  18  19 
 P0   0   1   1   3   0   1   1   0   0   0   1   1   0   1   1   1   3   2   0   1 
 P1   3   3   1   1   1   1   1   2   0   3   2   0   2   1   1   2   0   1   0   2 
 P2   0   0   0   0   0   0   0   0   0   0   0   0   0   0   0   0   0   0   0   0 
 P3   0   0   0   1   0   0   0   2   0   0   0   3   0   2   0   3   0   0   0   0 
 P4   0   1   0   1   0   0   0   0   0   1   0   0   1   1   2   1   0   0   1   1 
 P5   0   1   0   3   0   1   0   3   0   1   3   2   0   1   0   0   0   0   0   1 
 P6   0   0   0   0   0   0   0   0   0   0   0   0   0   0   0   0   0   0   0   0 
 P7   0   0   0   0   0   0   0   0   0   0   0   0   0   0   0   0   0   0   0   0 
 P8   0   0   0   0   0   0   0   0   0   0   0   0   0   0   0   0   0   0   0   0 
 P9   0   0   0   0   0   0   0   0   0   0   0   0   0   0   0   0   0   0   0   0 
P10   0   0   0   0   0   0   0   0   0   0   0   0   0   0   0   0   0   0   0   0 
P11   0   0   0   0   0   0   0   0   0   0   0   0   0   0   0   0   0   0   0   0 
P12   0   0   0   0   0   0   0   0   0   0   0   0   0   0   0   0   0   0   0   0 
P13   0   0   0   0   0   0   0   0   0   0   0   0   0   0   0   0   0   0   0   0 
P14   0   0   0   0   0   0   0   0   0   0   0   0   0   0   0   0   0   0   0   0 
P15   0   0   0   0   0   0   0   0   0   0   0   0   0   0   0   0   0   0   0   0 
P16   0   0   0   0   0   0   0   0   0   0   0   0   0   0   0   0   0   0   0   0 
P17   0   0   0   0   0   0   0   0   0   0   0   0   0   0   0   0   0   0   0   0 
Parent: Recived msg from Requesting:
  0   1   2   3   4   5   6   7   8   9  10  11  12  13  14  15  16  17  18  19 
  0   0   0   0   1   1   0   1   0   3   1   2   2   2   1   0   0   3   0   0 
Parent: sent msg to child 1098 denying Request
Parrent: added process 1098 to blocked queue.
System Resources:
  0   1   2   3   4   5   6   7   8   9  10  11  12  13  14  15  16  17  18  19 
 13   8  14   7  13  12   7   7   6   6   7  13   7  12  14   9  12  13   7   7 
Resources Alocated:
      0   1   2   3   4   5   6   7   8   9  10  11  12  13  14  15  16  17  18  19 
 P0   0   1   1   3   0   1   1   0   0   0   1   1   0   1   1   1   3   2   0   1 
 P1   3   3   1   1   1   1   1   2   0   3   2   0   2   1   1   2   0   1   0   2 
 P2   0   0   0   0   0   0   0   0   0   0   0   0   0   0   0   0   0   0   0   0 
 P3   0   0   0   1   0   0   0   2   0   0   0   3   0   2   0   3   0   0   0   0 
 P4   0   1   0   1   0   0   0   0   0   1   0   0   1   1   2   1   0   0   1   1 
 P5   0   1   0   3   0   1   0   3   0   1   3   2   0   1   0   0   0   0   0   1 
 P6   0   0   0   0   0   0   0   0   0   0   0   0   0   0   0   0   0   0   0   0 
 P7   0   0   0   0   0   0   0   0   0   0   0   0   0   0   0   0   0   0   0   0 
 P8   0   0   0   0   0   0   0   0   0   0   0   0   0   0   0   0   0   0   0   0 
 P9   0   0   0   0   0   0   0   0   0   0   0   0   0   0   0   0   0   0   0   0 
P10   0   0   0   0   0   0   0   0   0   0   0   0   0   0   0   0   0   0   0   0 
P11   0   0   0   0   0   0   0   0   0   0   0   0   0   0   0   0   0   0   0   0 
P12   0   0   0   0   0   0   0   0   0   0   0   0   0   0   0   0   0   0   0   0 
P13   0   0   0   0   0   0   0   0   0   0   0   0   0   0   0   0   0   0   0   0 
P14   0   0   0   0   0   0   0   0   0   0   0   0   0   0   0   0   0   0   0   0 
P15   0   0   0   0   0   0   0   0   0   0   0   0   0   0   0   0   0   0   0   0 
P16   0   0   0   0   0   0   0   0   0   0   0   0   0   0   0   0   0   0   0   0 
P17   0   0   0   0   0   0   0   0   0   0   0   0   0   0   0   0   0   0   0   0 
Parent: Recived msg from Requesting:
  0   1   2   3   4   5   6   7   8   9  10  11  12  13  14  15  16  17  18  19 
  0   0   0   0   2   0   0   1   1   1   0   0   2   1   1   1   1   0   0   0 
Parent: sent msg to child 1104 denying Request
Parrent: added process 1104 to blocked queue.
System Resources:
  0   1   2   3   4   5   6   7   8   9  10  11  12  13  14  15  16  17  18  19 
 13   8  14   7  13  12   7   7   6   6   7  13   7  12  14   9  12  13   7   7 
Resources Alocated:
      0   1   2   3   4   5   6   7   8   9  10  11  12  13  14  15  16  17  18  19 
 P0   0   1   1   3   0   1   1   0   0   0   1   1   0   1   1   1   3   2   0   1 
 P1   3   3   1   1   1   1   1   2   0   3   2   0   2   1   1   2   0   1   0   2 
 P2   0   0   0   0   0   0   0   0   0   0   0   0   0   0   0   0   0   0   0   0 
 P3   0   0   0   1   0   0   0   2   0   0   0   3   0   2   0   3   0   0   0   0 
 P4   0   1   0   1   0   0   0   0   0   1   0   0   1   1   2   1   0   0   1   1 
 P5   0   1   0   3   0   1   0   3   0   1   3   2   0   1   0   0   0   0   0   1 
 P6   0   0   0   0   0   0   0   0   0   0   0   0   0   0   0   0   0   0   0   0 
 P7   0   0   0   0   0   0   0   0   0   0   0   0   0   0   0   0   0   0   0   0 
 P8   0   0   0   0   0   0   0   0   0   0   0   0   0   0   0   0   0   0   0   0 
 P9   0   0   0   0   0   0   0   0   0   0   0   0   0   0   0   0   0   0   0   0 
P10   0   0   0   0   0   0   0   0   0   0   0   0   0   0   0   0   0   0   0   0 
P11   0   0   0   0   0   0   0   0   0   0   0   0   0   0   0   0   0   0   0   0 
P12   0   0   0   0   0   0   0   0   0   0   0   0   0   0   0   0   0   0   0   0 
P13   0   0   0   0   0   0   0   0   0   0   0   0   0   0   0   0   0   0   0   0 
P14   0   0   0   0   0   0   0   0   0   0   0   0   0   0   0   0   0   0   0   0 
P15   0   0   0   0   0   0   0   0   0   0   0   0   0   0   0   0   0   0   0   0 
P16   0   0   0   0   0   0   0   0   0   0   0   0   0   0   0   0   0   0   0   0 
P17   0   0   0   0   0   0   0   0   0   0   0   0   0   0   0   0   0   0   0   0 
Parent: Recived msg from Requesting:
  0   1   2   3   4   5   6   7   8   9  10  11  12  13  14  15  16  17  18  19 
  0   0   0   0   0   1   0   3   1   2   0   0   1   0   2   1   1   0   1   1 
Parent: sent msg to child 1105 denying Request
Parrent: added process 1105 to blocked queue.
System Resources:
  0   1   2   3   4   5   6   7   8   9  10  11  12  13  14  15  16  17  18  19 
 13   8  14   7  13  12   7   7   6   6   7  13   7  12  14   9  12  13   7   7 
Resources Alocated:
      0   1   2   3   4   5   6   7   8   9  10  11  12  13  14  15  16  17  18  19 
 P0   0   1   1   3   0   1   1   0   0   0   1   1   0   1   1   1   3   2   0   1 
 P1   3   3   1   1   1   1   1   2   0   3   2   0   2   1   1   2   0   1   0   2 
 P2   0   0   0   0   0   0   0   0   0   0   0   0   0   0   0   0   0   0   0   0 
 P3   0   0   0   1   0   0   0   2   0   0   0   3   0   2   0   3   0   0   0   0 
 P4   0   1   0   1   0   0   0   0   0   1   0   0   1   1   2   1   0   0   1   1 
 P5   0   1   0   3   0   1   0   3   0   1   3   2   0   1   0   0   0   0   0   1 
 P6   0   0   0   0   0   0   0   0   0   0   0   0   0   0   0   0   0   0   0   0 
 P7   0   0   0   0   0   0   0   0   0   0   0   0   0   0   0   0   0   0   0   0 
 P8   0   0   0   0   0   0   0   0   0   0   0   0   0   0   0   0   0   0   0   0 
 P9   0   0   0   0   0   0   0   0   0   0   0   0   0   0   0   0   0   0   0   0 
P10   0   0   0   0   0   0   0   0   0   0   0   0   0   0   0   0   0   0   0   0 
P11   0   0   0   0   0   0   0   0   0   0   0   0   0   0   0   0   0   0   0   0 
P12   0   0   0   0   0   0   0   0   0   0   0   0   0   0   0   0   0   0   0   0 
P13   0   0   0   0   0   0   0   0   0   0   0   0   0   0   0   0   0   0   0   0 
P14   0   0   0   0   0   0   0   0   0   0   0   0   0   0   0   0   0   0   0   0 
P15   0   0   0   0   0   0   0   0   0   0   0   0   0   0   0   0   0   0   0   0 
P16   0   0   0   0   0   0   0   0   0   0   0   0   0   0   0   0   0   0   0   0 
P17   0   0   0   0   0   0   0   0   0   0   0   0   0   0   0   0   0   0   0   0 
Parent: Recived msg from Requesting:
  0   1   2   3   4   5   6   7   8   9  10  11  12  13  14  15  16  17  18  19 
  1   0   0   0   1   0   3   0   2   0   1   0   0   0   1   0   0   1   0   0 
Parent: sent msg to child 1099 denying Request
Parrent: added process 1099 to blocked queue.
System Resources:
  0   1   2   3   4   5   6   7   8   9  10  11  12  13  14  15  16  17  18  19 
 13   8  14   7  13  12   7   7   6   6   7  13   7  12  14   9  12  13   7   7 
Resources Alocated:
      0   1   2   3   4   5   6   7   8   9  10  11  12  13  14  15  16  17  18  19 
 P0   0   1   1   3   0   1   1   0   0   0   1   1   0   1   1   1   3   2   0   1 
 P1   3   3   1   1   1   1   1   2   0   3   2   0   2   1   1   2   0   1   0   2 
 P2   0   0   0   0   0   0   0   0   0   0   0   0   0   0   0   0   0   0   0   0 
 P3   0   0   0   1   0   0   0   2   0   0   0   3   0   2   0   3   0   0   0   0 
 P4   0   1   0   1   0   0   0   0   0   1   0   0   1   1   2   1   0   0   1   1 
 P5   0   1   0   3   0   1   0   3   0   1   3   2   0   1   0   0   0   0   0   1 
 P6   0   0   0   0   0   0   0   0   0   0   0   0   0   0   0   0   0   0   0   0 
 P7   0   0   0   0   0   0   0   0   0   0   0   0   0   0   0   0   0   0   0   0 
 P8   0   0   0   0   0   0   0   0   0   0   0   0   0   0   0   0   0   0   0   0 
 P9   0   0   0   0   0   0   0   0   0   0   0   0   0   0   0   0   0   0   0   0 
P10   0   0   0   0   0   0   0   0   0   0   0   0   0   0   0   0   0   0   0   0 
P11   0   0   0   0   0   0   0   0   0   0   0   0   0   0   0   0   0   0   0   0 
P12   0   0   0   0   0   0   0   0   0   0   0   0   0   0   0   0   0   0   0   0 
P13   0   0   0   0   0   0   0   0   0   0   0   0   0   0   0   0   0   0   0   0 
P14   0   0   0   0   0   0   0   0   0   0   0   0   0   0   0   0   0   0   0   0 
P15   0   0   0   0   0   0   0   0   0   0   0   0   0   0   0   0   0   0   0   0 
P16   0   0   0   0   0   0   0   0   0   0   0   0   0   0   0   0   0   0   0   0 
P17   0   0   0   0   0   0   0   0   0   0   0   0   0   0   0   0   0   0   0   0 
Parent: Recived msg from Requesting:
  0   1   2   3   4   5   6   7   8   9  10  11  12  13  14  15  16  17  18  19 
  0   0   1   0   0   0   0   3   0   1   0   0   0   0   0   0   0   0   0   0 
Parent: sent msg to child 1096 denying Request
Parrent: added process 1096 to blocked queue.
System Resources:
  0   1   2   3   4   5   6   7   8   9  10  11  12  13  14  15  16  17  18  19 
 13   8  14   7  13  12   7   7   6   6   7  13   7  12  14   9  12  13   7   7 
Resources Alocated:
      0   1   2   3   4   5   6   7   8   9  10  11  12  13  14  15  16  17  18  19 
 P0   0   1   1   3   0   1   1   0   0   0   1   1   0   1   1   1   3   2   0   1 
 P1   3   3   1   1   1   1   1   2   0   3   2   0   2   1   1   2   0   1   0   2 
 P2   0   0   0   0   0   0   0   0   0   0   0   0   0   0   0   0   0   0   0   0 
 P3   0   0   0   1   0   0   0   2   0   0   0   3   0   2   0   3   0   0   0   0 
 P4   0   1   0   1   0   0   0   0   0   1   0   0   1   1   2   1   0   0   1   1 
 P5   0   1   0   3   0   1   0   3   0   1   3   2   0   1   0   0   0   0   0   1 
 P6   0   0   0   0   0   0   0   0   0   0   0   0   0   0   0   0   0   0   0   0 
 P7   0   0   0   0   0   0   0   0   0   0   0   0   0   0   0   0   0   0   0   0 
 P8   0   0   0   0   0   0   0   0   0   0   0   0   0   0   0   0   0   0   0   0 
 P9   0   0   0   0   0   0   0   0   0   0   0   0   0   0   0   0   0   0   0   0 
P10   0   0   0   0   0   0   0   0   0   0   0   0   0   0   0   0   0   0   0   0 
P11   0   0   0   0   0   0   0   0   0   0   0   0   0   0   0   0   0   0   0   0 
P12   0   0   0   0   0   0   0   0   0   0   0   0   0   0   0   0   0   0   0   0 
P13   0   0   0   0   0   0   0   0   0   0   0   0   0   0   0   0   0   0   0   0 
P14   0   0   0   0   0   0   0   0   0   0   0   0   0   0   0   0   0   0   0   0 
P15   0   0   0   0   0   0   0   0   0   0   0   0   0   0   0   0   0   0   0   0 
P16   0   0   0   0   0   0   0   0   0   0   0   0   0   0   0   0   0   0   0   0 
P17   0   0   0   0   0   0   0   0   0   0   0   0   0   0   0   0   0   0   0   0 
Parent: Recived msg from Requesting:
  0   1   2   3   4   5   6   7   8   9  10  11  12  13  14  15  16  17  18  19 
  1   1   2   2   1   2   0   1   0   0   0   1   1   0   1   0   1   0   1   0 
Parent: sent msg to child 1106 denying Request
Parrent: added process 1106 to blocked queue.
System Resources:
  0   1   2   3   4   5   6   7   8   9  10  11  12  13  14  15  16  17  18  19 
 13   8  14   7  13  12   7   7   6   6   7  13   7  12  14   9  12  13   7   7 
Resources Alocated:
      0   1   2   3   4   5   6   7   8   9  10  11  12  13  14  15  16  17  18  19 
 P0   0   1   1   3   0   1   1   0   0   0   1   1   0   1   1   1   3   2   0   1 
 P1   3   3   1   1   1   1   1   2   0   3   2   0   2   1   1   2   0   1   0   2 
 P2   0   0   0   0   0   0   0   0   0   0   0   0   0   0   0   0   0   0   0   0 
 P3   0   0   0   1   0   0   0   2   0   0   0   3   0   2   0   3   0   0   0   0 
 P4   0   1   0   1   0   0   0   0   0   1   0   0   1   1   2   1   0   0   1   1 
 P5   0   1   0   3   0   1   0   3   0   1   3   2   0   1   0   0   0   0   0   1 
 P6   0   0   0   0   0   0   0   0   0   0   0   0   0   0   0   0   0   0   0   0 
 P7   0   0   0   0   0   0   0   0   0   0   0   0   0   0   0   0   0   0   0   0 
 P8   0   0   0   0   0   0   0   0   0   0   0   0   0   0   0   0   0   0   0   0 
 P9   0   0   0   0   0   0   0   0   0   0   0   0   0   0   0   0   0   0   0   0 
P10   0   0   0   0   0   0   0   0   0   0   0   0   0   0   0   0   0   0   0   0 
P11   0   0   0   0   0   0   0   0   0   0   0   0   0   0   0   0   0   0   0   0 
P12   0   0   0   0   0   0   0   0   0   0   0   0   0   0   0   0   0   0   0   0 
P13   0   0   0   0   0   0   0   0   0   0   0   0   0   0   0   0   0   0   0   0 
P14   0   0   0   0   0   0   0   0   0   0   0   0   0   0   0   0   0   0   0   0 
P15   0   0   0   0   0   0   0   0   0   0   0   0   0   0   0   0   0   0   0   0 
P16   0   0   0   0   0   0   0   0   0   0   0   0   0   0   0   0   0   0   0   0 
P17   0   0   0   0   0   0   0   0   0   0   0   0   0   0   0   0   0   0   0   0 
Parent: Recived msg from Requesting:
  0   1   2   3   4   5   6   7   8   9  10  11  12  13  14  15  16  17  18  19 
  0   0   0   0   3   1   2   0   0   1   0   1   2   1   2   1   0   0   1   1 
Parent: sent msg to child 1107 denying Request
Parrent: added process 1107 to blocked queue.
System Resources:
  0   1   2   3   4   5   6   7   8   9  10  11  12  13  14  15  16  17  18  19 
 13   8  14   7  13  12   7   7   6   6   7  13   7  12  14   9  12  13   7   7 
Resources Alocated:
      0   1   2   3   4   5   6   7   8   9  10  11  12  13  14  15  16  17  18  19 
 P0   0   1   1   3   0   1   1   0   0   0   1   1   0   1   1   1   3   2   0   1 
 P1   3   3   1   1   1   1   1   2   0   3   2   0   2   1   1   2   0   1   0   2 
 P2   0   0   0   0   0   0   0   0   0   0   0   0   0   0   0   0   0   0   0   0 
 P3   0   0   0   1   0   0   0   2   0   0   0   3   0   2   0   3   0   0   0   0 
 P4   0   1   0   1   0   0   0   0   0   1   0   0   1   1   2   1   0   0   1   1 
 P5   0   1   0   3   0   1   0   3   0   1   3   2   0   1   0   0   0   0   0   1 
 P6   0   0   0   0   0   0   0   0   0   0   0   0   0   0   0   0   0   0   0   0 
 P7   0   0   0   0   0   0   0   0   0   0   0   0   0   0   0   0   0   0   0   0 
 P8   0   0   0   0   0   0   0   0   0   0   0   0   0   0   0   0   0   0   0   0 
 P9   0   0   0   0   0   0   0   0   0   0   0   0   0   0   0   0   0   0   0   0 
P10   0   0   0   0   0   0   0   0   0   0   0   0   0   0   0   0   0   0   0   0 
P11   0   0   0   0   0   0   0   0   0   0   0   0   0   0   0   0   0   0   0   0 
P12   0   0   0   0   0   0   0   0   0   0   0   0   0   0   0   0   0   0   0   0 
P13   0   0   0   0   0   0   0   0   0   0   0   0   0   0   0   0   0   0   0   0 
P14   0   0   0   0   0   0   0   0   0   0   0   0   0   0   0   0   0   0   0   0 
P15   0   0   0   0   0   0   0   0   0   0   0   0   0   0   0   0   0   0   0   0 
P16   0   0   0   0   0   0   0   0   0   0   0   0   0   0   0   0   0   0   0   0 
P17   0   0   0   0   0   0   0   0   0   0   0   0   0   0   0   0   0   0   0   0 
Parent: Recived msg from Requesting:
  0   1   2   3   4   5   6   7   8   9  10  11  12  13  14  15  16  17  18  19 
  0   1   1   3   0   2   0   0   1   0   0   1   1   0   0   0   1   0   2   3 
Parent: sent msg to child 1108 denying Request
Parrent: added process 1108 to blocked queue.
System Resources:
  0   1   2   3   4   5   6   7   8   9  10  11  12  13  14  15  16  17  18  19 
 13   8  14   7  13  12   7   7   6   6   7  13   7  12  14   9  12  13   7   7 
Resources Alocated:
      0   1   2   3   4   5   6   7   8   9  10  11  12  13  14  15  16  17  18  19 
 P0   0   1   1   3   0   1   1   0   0   0   1   1   0   1   1   1   3   2   0   1 
 P1   3   3   1   1   1   1   1   2   0   3   2   0   2   1   1   2   0   1   0   2 
 P2   0   0   0   0   0   0   0   0   0   0   0   0   0   0   0   0   0   0   0   0 
 P3   0   0   0   1   0   0   0   2   0   0   0   3   0   2   0   3   0   0   0   0 
 P4   0   1   0   1   0   0   0   0   0   1   0   0   1   1   2   1   0   0   1   1 
 P5   0   1   0   3   0   1   0   3   0   1   3   2   0   1   0   0   0   0   0   1 
 P6   0   0   0   0   0   0   0   0   0   0   0   0   0   0   0   0   0   0   0   0 
 P7   0   0   0   0   0   0   0   0   0   0   0   0   0   0   0   0   0   0   0   0 
 P8   0   0   0   0   0   0   0   0   0   0   0   0   0   0   0   0   0   0   0   0 
 P9   0   0   0   0   0   0   0   0   0   0   0   0   0   0   0   0   0   0   0   0 
P10   0   0   0   0   0   0   0   0   0   0   0   0   0   0   0   0   0   0   0   0 
P11   0   0   0   0   0   0   0   0   0   0   0   0   0   0   0   0   0   0   0   0 
P12   0   0   0   0   0   0   0   0   0   0   0   0   0   0   0   0   0   0   0   0 
P13   0   0   0   0   0   0   0   0   0   0   0   0   0   0   0   0   0   0   0   0 
P14   0   0   0   0   0   0   0   0   0   0   0   0   0   0   0   0   0   0   0   0 
P15   0   0   0   0   0   0   0   0   0   0   0   0   0   0   0   0   0   0   0   0 
P16   0   0   0   0   0   0   0   0   0   0   0   0   0   0   0   0   0   0   0   0 
P17   0   0   0   0   0   0   0   0   0   0   0   0   0   0   0   0   0   0   0   0 
Parent: Recived msg from Requesting:
  0   1   2   3   4   5   6   7   8   9  10  11  12  13  14  15  16  17  18  19 
  0   -1   0   -1   0   0   0   0   0   -1   0   0   -1   -1   -2   -1   0   0   -1   -1 
Parent: sent msg to child 1100 denying Request
Parrent: added process 1100 to blocked queue.
System Resources:
  0   1   2   3   4   5   6   7   8   9  10  11  12  13  14  15  16  17  18  19 
 13   8  14   7  13  12   7   7   6   6   7  13   7  12  14   9  12  13   7   7 
Resources Alocated:
      0   1   2   3   4   5   6   7   8   9  10  11  12  13  14  15  16  17  18  19 
 P0   0   1   1   3   0   1   1   0   0   0   1   1   0   1   1   1   3   2   0   1 
 P1   3   3   1   1   1   1   1   2   0   3   2   0   2   1   1   2   0   1   0   2 
 P2   0   0   0   0   0   0   0   0   0   0   0   0   0   0   0   0   0   0   0   0 
 P3   0   0   0   1   0   0   0   2   0   0   0   3   0   2   0   3   0   0   0   0 
 P4   0   1   0   1   0   0   0   0   0   1   0   0   1   1   2   1   0   0   1   1 
 P5   0   1   0   3   0   1   0   3   0   1   3   2   0   1   0   0   0   0   0   1 
 P6   0   0   0   0   0   0   0   0   0   0   0   0   0   0   0   0   0   0   0   0 
 P7   0   0   0   0   0   0   0   0   0   0   0   0   0   0   0   0   0   0   0   0 
 P8   0   0   0   0   0   0   0   0   0   0   0   0   0   0   0   0   0   0   0   0 
 P9   0   0   0   0   0   0   0   0   0   0   0   0   0   0   0   0   0   0   0   0 
P10   0   0   0   0   0   0   0   0   0   0   0   0   0   0   0   0   0   0   0   0 
P11   0   0   0   0   0   0   0   0   0   0   0   0   0   0   0   0   0   0   0   0 
P12   0   0   0   0   0   0   0   0   0   0   0   0   0   0   0   0   0   0   0   0 
P13   0   0   0   0   0   0   0   0   0   0   0   0   0   0   0   0   0   0   0   0 
P14   0   0   0   0   0   0   0   0   0   0   0   0   0   0   0   0   0   0   0   0 
P15   0   0   0   0   0   0   0   0   0   0   0   0   0   0   0   0   0   0   0   0 
P16   0   0   0   0   0   0   0   0   0   0   0   0   0   0   0   0   0   0   0   0 
P17   0   0   0   0   0   0   0   0   0   0   0   0   0   0   0   0   0   0   0   0 
Parent: Recived msg from Requesting:
  0   1   2   3   4   5   6   7   8   9  10  11  12  13  14  15  16  17  18  19 
  0   0   1   0   0   0   0   0   0   0   0   1   0   0   0   0   0   0   0   0 
Parent: sent msg to child 1097 denying Request
Parrent: added process 1097 to blocked queue.
System Resources:
  0   1   2   3   4   5   6   7   8   9  10  11  12  13  14  15  16  17  18  19 
 13   8  14   7  13  12   7   7   6   6   7  13   7  12  14   9  12  13   7   7 
Resources Alocated:
      0   1   2   3   4   5   6   7   8   9  10  11  12  13  14  15  16  17  18  19 
 P0   0   1   1   3   0   1   1   0   0   0   1   1   0   1   1   1   3   2   0   1 
 P1   3   3   1   1   1   1   1   2   0   3   2   0   2   1   1   2   0   1   0   2 
 P2   0   0   0   0   0   0   0   0   0   0   0   0   0   0   0   0   0   0   0   0 
 P3   0   0   0   1   0   0   0   2   0   0   0   3   0   2   0   3   0   0   0   0 
 P4   0   1   0   1   0   0   0   0   0   1   0   0   1   1   2   1   0   0   1   1 
 P5   0   1   0   3   0   1   0   3   0   1   3   2   0   1   0   0   0   0   0   1 
 P6   0   0   0   0   0   0   0   0   0   0   0   0   0   0   0   0   0   0   0   0 
 P7   0   0   0   0   0   0   0   0   0   0   0   0   0   0   0   0   0   0   0   0 
 P8   0   0   0   0   0   0   0   0   0   0   0   0   0   0   0   0   0   0   0   0 
 P9   0   0   0   0   0   0   0   0   0   0   0   0   0   0   0   0   0   0   0   0 
P10   0   0   0   0   0   0   0   0   0   0   0   0   0   0   0   0   0   0   0   0 
P11   0   0   0   0   0   0   0   0   0   0   0   0   0   0   0   0   0   0   0   0 
P12   0   0   0   0   0   0   0   0   0   0   0   0   0   0   0   0   0   0   0   0 
P13   0   0   0   0   0   0   0   0   0   0   0   0   0   0   0   0   0   0   0   0 
P14   0   0   0   0   0   0   0   0   0   0   0   0   0   0   0   0   0   0   0   0 
P15   0   0   0   0   0   0   0   0   0   0   0   0   0   0   0   0   0   0   0   0 
P16   0   0   0   0   0   0   0   0   0   0   0   0   0   0   0   0   0   0   0   0 
P17   0   0   0   0   0   0   0   0   0   0   0   0   0   0   0   0   0   0   0   0 
Parent: Recived msg from Requesting:
  0   1   2   3   4   5   6   7   8   9  10  11  12  13  14  15  16  17  18  19 
  2   0   0   0   0   0   0   0   0   0   0   0   2   0   0   0   1   0   0   0 
Parent: sent msg to child 1101 denying Request
Parrent: added process 1101 to blocked queue.
System Resources:
  0   1   2   3   4   5   6   7   8   9  10  11  12  13  14  15  16  17  18  19 
 13   8  14   7  13  12   7   7   6   6   7  13   7  12  14   9  12  13   7   7 
Resources Alocated:
      0   1   2   3   4   5   6   7   8   9  10  11  12  13  14  15  16  17  18  19 
 P0   0   1   1   3   0   1   1   0   0   0   1   1   0   1   1   1   3   2   0   1 
 P1   3   3   1   1   1   1   1   2   0   3   2   0   2   1   1   2   0   1   0   2 
 P2   0   0   0   0   0   0   0   0   0   0   0   0   0   0   0   0   0   0   0   0 
 P3   0   0   0   1   0   0   0   2   0   0   0   3   0   2   0   3   0   0   0   0 
 P4   0   1   0   1   0   0   0   0   0   1   0   0   1   1   2   1   0   0   1   1 
 P5   0   1   0   3   0   1   0   3   0   1   3   2   0   1   0   0   0   0   0   1 
 P6   0   0   0   0   0   0   0   0   0   0   0   0   0   0   0   0   0   0   0   0 
 P7   0   0   0   0   0   0   0   0   0   0   0   0   0   0   0   0   0   0   0   0 
 P8   0   0   0   0   0   0   0   0   0   0   0   0   0   0   0   0   0   0   0   0 
 P9   0   0   0   0   0   0   0   0   0   0   0   0   0   0   0   0   0   0   0   0 
P10   0   0   0   0   0   0   0   0   0   0   0   0   0   0   0   0   0   0   0   0 
P11   0   0   0   0   0   0   0   0   0   0   0   0   0   0   0   0   0   0   0   0 
P12   0   0   0   0   0   0   0   0   0   0   0   0   0   0   0   0   0   0   0   0 
P13   0   0   0   0   0   0   0   0   0   0   0   0   0   0   0   0   0   0   0   0 
P14   0   0   0   0   0   0   0   0   0   0   0   0   0   0   0   0   0   0   0   0 
P15   0   0   0   0   0   0   0   0   0   0   0   0   0   0   0   0   0   0   0   0 
P16   0   0   0   0   0   0   0   0   0   0   0   0   0   0   0   0   0   0   0   0 
P17   0   0   0   0   0   0   0   0   0   0   0   0   0   0   0   0   0   0   0   0 
Parent: Recived msg from Requesting:
  0   1   2   3   4   5   6   7   8   9  10  11  12  13  14  15  16  17  18  19 
  1   0   2   0   0   0   2   0   1   0   2   1   0   0   0   3   2   2   1   2 
Parent: sent msg to child 1109 denying Request
Parrent: added process 1109 to blocked queue.
System Resources:
  0   1   2   3   4   5   6   7   8   9  10  11  12  13  14  15  16  17  18  19 
 13   8  14   7  13  12   7   7   6   6   7  13   7  12  14   9  12  13   7   7 
Resources Alocated:
      0   1   2   3   4   5   6   7   8   9  10  11  12  13  14  15  16  17  18  19 
 P0   0   1   1   3   0   1   1   0   0   0   1   1   0   1   1   1   3   2   0   1 
 P1   3   3   1   1   1   1   1   2   0   3   2   0   2   1   1   2   0   1   0   2 
 P2   0   0   0   0   0   0   0   0   0   0   0   0   0   0   0   0   0   0   0   0 
 P3   0   0   0   1   0   0   0   2   0   0   0   3   0   2   0   3   0   0   0   0 
 P4   0   1   0   1   0   0   0   0   0   1   0   0   1   1   2   1   0   0   1   1 
 P5   0   1   0   3   0   1   0   3   0   1   3   2   0   1   0   0   0   0   0   1 
 P6   0   0   0   0   0   0   0   0   0   0   0   0   0   0   0   0   0   0   0   0 
 P7   0   0   0   0   0   0   0   0   0   0   0   0   0   0   0   0   0   0   0   0 
 P8   0   0   0   0   0   0   0   0   0   0   0   0   0   0   0   0   0   0   0   0 
 P9   0   0   0   0   0   0   0   0   0   0   0   0   0   0   0   0   0   0   0   0 
P10   0   0   0   0   0   0   0   0   0   0   0   0   0   0   0   0   0   0   0   0 
P11   0   0   0   0   0   0   0   0   0   0   0   0   0   0   0   0   0   0   0   0 
P12   0   0   0   0   0   0   0   0   0   0   0   0   0   0   0   0   0   0   0   0 
P13   0   0   0   0   0   0   0   0   0   0   0   0   0   0   0   0   0   0   0   0 
P14   0   0   0   0   0   0   0   0   0   0   0   0   0   0   0   0   0   0   0   0 
P15   0   0   0   0   0   0   0   0   0   0   0   0   0   0   0   0   0   0   0   0 
P16   0   0   0   0   0   0   0   0   0   0   0   0   0   0   0   0   0   0   0   0 
P17   0   0   0   0   0   0   0   0   0   0   0   0   0   0   0   0   0   0   0   0 
Parent: Recived msg from Requesting:
  0   1   2   3   4   5   6   7   8   9  10  11  12  13  14  15  16  17  18  19 
  2   1   1   3   0   2   1   0   0   0   0   0   0   0   2   0   1   0   0   0 
Parent: sent msg to child 1110 denying Request
Parrent: added process 1110 to blocked queue.
System Resources:
  0   1   2   3   4   5   6   7   8   9  10  11  12  13  14  15  16  17  18  19 
 13   8  14   7  13  12   7   7   6   6   7  13   7  12  14   9  12  13   7   7 
Resources Alocated:
      0   1   2   3   4   5   6   7   8   9  10  11  12  13  14  15  16  17  18  19 
 P0   0   1   1   3   0   1   1   0   0   0   1   1   0   1   1   1   3   2   0   1 
 P1   3   3   1   1   1   1   1   2   0   3   2   0   2   1   1   2   0   1   0   2 
 P2   0   0   0   0   0   0   0   0   0   0   0   0   0   0   0   0   0   0   0   0 
 P3   0   0   0   1   0   0   0   2   0   0   0   3   0   2   0   3   0   0   0   0 
 P4   0   1   0   1   0   0   0   0   0   1   0   0   1   1   2   1   0   0   1   1 
 P5   0   1   0   3   0   1   0   3   0   1   3   2   0   1   0   0   0   0   0   1 
 P6   0   0   0   0   0   0   0   0   0   0   0   0   0   0   0   0   0   0   0   0 
 P7   0   0   0   0   0   0   0   0   0   0   0   0   0   0   0   0   0   0   0   0 
 P8   0   0   0   0   0   0   0   0   0   0   0   0   0   0   0   0   0   0   0   0 
 P9   0   0   0   0   0   0   0   0   0   0   0   0   0   0   0   0   0   0   0   0 
P10   0   0   0   0   0   0   0   0   0   0   0   0   0   0   0   0   0   0   0   0 
P11   0   0   0   0   0   0   0   0   0   0   0   0   0   0   0   0   0   0   0   0 
P12   0   0   0   0   0   0   0   0   0   0   0   0   0   0   0   0   0   0   0   0 
P13   0   0   0   0   0   0   0   0   0   0   0   0   0   0   0   0   0   0   0   0 
P14   0   0   0   0   0   0   0   0   0   0   0   0   0   0   0   0   0   0   0   0 
P15   0   0   0   0   0   0   0   0   0   0   0   0   0   0   0   0   0   0   0   0 
P16   0   0   0   0   0   0   0   0   0   0   0   0   0   0   0   0   0   0   0   0 
P17   0   0   0   0   0   0   0   0   0   0   0   0   0   0   0   0   0   0   0   0 
Parent: Recived msg from Requesting:
  0   1   2   3   4   5   6   7   8   9  10  11  12  13  14  15  16  17  18  19 
  0   0   0   -1   -3   -1   -3   -2   0   0   -3   0   -2   0   -1   0   -2   -1   0   -2 
Parent: sent msg to child 1111 denying Request
Parrent: added process 1111 to blocked queue.
System Resources:
  0   1   2   3   4   5   6   7   8   9  10  11  12  13  14  15  16  17  18  19 
 13   8  14   7  13  12   7   7   6   6   7  13   7  12  14   9  12  13   7   7 
Resources Alocated:
      0   1   2   3   4   5   6   7   8   9  10  11  12  13  14  15  16  17  18  19 
 P0   0   1   1   3   0   1   1   0   0   0   1   1   0   1   1   1   3   2   0   1 
 P1   3   3   1   1   1   1   1   2   0   3   2   0   2   1   1   2   0   1   0   2 
 P2   0   0   0   0   0   0   0   0   0   0   0   0   0   0   0   0   0   0   0   0 
 P3   0   0   0   1   0   0   0   2   0   0   0   3   0   2   0   3   0   0   0   0 
 P4   0   1   0   1   0   0   0   0   0   1   0   0   1   1   2   1   0   0   1   1 
 P5   0   1   0   3   0   1   0   3   0   1   3   2   0   1   0   0   0   0   0   1 
 P6   0   0   0   0   0   0   0   0   0   0   0   0   0   0   0   0   0   0   0   0 
 P7   0   0   0   0   0   0   0   0   0   0   0   0   0   0   0   0   0   0   0   0 
 P8   0   0   0   0   0   0   0   0   0   0   0   0   0   0   0   0   0   0   0   0 
 P9   0   0   0   0   0   0   0   0   0   0   0   0   0   0   0   0   0   0   0   0 
P10   0   0   0   0   0   0   0   0   0   0   0   0   0   0   0   0   0   0   0   0 
P11   0   0   0   0   0   0   0   0   0   0   0   0   0   0   0   0   0   0   0   0 
P12   0   0   0   0   0   0   0   0   0   0   0   0   0   0   0   0   0   0   0   0 
P13   0   0   0   0   0   0   0   0   0   0   0   0   0   0   0   0   0   0   0   0 
P14   0   0   0   0   0   0   0   0   0   0   0   0   0   0   0   0   0   0   0   0 
P15   0   0   0   0   0   0   0   0   0   0   0   0   0   0   0   0   0   0   0   0 
P16   0   0   0   0   0   0   0   0   0   0   0   0   0   0   0   0   0   0   0   0 
P17   0   0   0   0   0   0   0   0   0   0   0   0   0   0   0   0   0   0   0   0 
Parent: Recived msg from Requesting:
  0   1   2   3   4   5   6   7   8   9  10  11  12  13  14  15  16  17  18  19 
  0   2   3   0   0   1   0   3   0   1   2   1   1   0   0   3   0   2   2   1 
Parent: sent msg to child 1112 denying Request
Parrent: added process 1112 to blocked queue.
System Resources:
  0   1   2   3   4   5   6   7   8   9  10  11  12  13  14  15  16  17  18  19 
 13   8  14   7  13  12   7   7   6   6   7  13   7  12  14   9  12  13   7   7 
Resources Alocated:
      0   1   2   3   4   5   6   7   8   9  10  11  12  13  14  15  16  17  18  19 
 P0   0   1   1   3   0   1   1   0   0   0   1   1   0   1   1   1   3   2   0   1 
 P1   3   3   1   1   1   1   1   2   0   3   2   0   2   1   1   2   0   1   0   2 
 P2   0   0   0   0   0   0   0   0   0   0   0   0   0   0   0   0   0   0   0   0 
 P3   0   0   0   1   0   0   0   2   0   0   0   3   0   2   0   3   0   0   0   0 
 P4   0   1   0   1   0   0   0   0   0   1   0   0   1   1   2   1   0   0   1   1 
 P5   0   1   0   3   0   1   0   3   0   1   3   2   0   1   0   0   0   0   0   1 
 P6   0   0   0   0   0   0   0   0   0   0   0   0   0   0   0   0   0   0   0   0 
 P7   0   0   0   0   0   0   0   0   0   0   0   0   0   0   0   0   0   0   0   0 
 P8   0   0   0   0   0   0   0   0   0   0   0   0   0   0   0   0   0   0   0   0 
 P9   0   0   0   0   0   0   0   0   0   0   0   0   0   0   0   0   0   0   0   0 
P10   0   0   0   0   0   0   0   0   0   0   0   0   0   0   0   0   0   0   0   0 
P11   0   0   0   0   0   0   0   0   0   0   0   0   0   0   0   0   0   0   0   0 
P12   0   0   0   0   0   0   0   0   0   0   0   0   0   0   0   0   0   0   0   0 
P13   0   0   0   0   0   0   0   0   0   0   0   0   0   0   0   0   0   0   0   0 
P14   0   0   0   0   0   0   0   0   0   0   0   0   0   0   0   0   0   0   0   0 
P15   0   0   0   0   0   0   0   0   0   0   0   0   0   0   0   0   0   0   0   0 
P16   0   0   0   0   0   0   0   0   0   0   0   0   0   0   0   0   0   0   0   0 
P17   0   0   0   0   0   0   0   0   0   0   0   0   0   0   0   0   0   0   0   0 
Parent: Recived msg from Requesting:
  0   1   2   3   4   5   6   7   8   9  10  11  12  13  14  15  16  17  18  19 
  0   0   1   1   0   0   3   2   2   0   1   2   1   0   0   0   0   0   0   0 
Parent: sent msg to child 1113 denying Request
Parrent: added process 1113 to blocked queue.
System Resources:
  0   1   2   3   4   5   6   7   8   9  10  11  12  13  14  15  16  17  18  19 
 13   8  14   7  13  12   7   7   6   6   7  13   7  12  14   9  12  13   7   7 
Resources Alocated:
      0   1   2   3   4   5   6   7   8   9  10  11  12  13  14  15  16  17  18  19 
 P0   0   1   1   3   0   1   1   0   0   0   1   1   0   1   1   1   3   2   0   1 
 P1   3   3   1   1   1   1   1   2   0   3   2   0   2   1   1   2   0   1   0   2 
 P2   0   0   0   0   0   0   0   0   0   0   0   0   0   0   0   0   0   0   0   0 
 P3   0   0   0   1   0   0   0   2   0   0   0   3   0   2   0   3   0   0   0   0 
 P4   0   1   0   1   0   0   0   0   0   1   0   0   1   1   2   1   0   0   1   1 
 P5   0   1   0   3   0   1   0   3   0   1   3   2   0   1   0   0   0   0   0   1 
 P6   0   0   0   0   0   0   0   0   0   0   0   0   0   0   0   0   0   0   0   0 
 P7   0   0   0   0   0   0   0   0   0   0   0   0   0   0   0   0   0   0   0   0 
 P8   0   0   0   0   0   0   0   0   0   0   0   0   0   0   0   0   0   0   0   0 
 P9   0   0   0   0   0   0   0   0   0   0   0   0   0   0   0   0   0   0   0   0 
P10   0   0   0   0   0   0   0   0   0   0   0   0   0   0   0   0   0   0   0   0 
P11   0   0   0   0   0   0   0   0   0   0   0   0   0   0   0   0   0   0   0   0 
P12   0   0   0   0   0   0   0   0   0   0   0   0   0   0   0   0   0   0   0   0 
P13   0   0   0   0   0   0   0   0   0   0   0   0   0   0   0   0   0   0   0   0 
P14   0   0   0   0   0   0   0   0   0   0   0   0   0   0   0   0   0   0   0   0 
P15   0   0   0   0   0   0   0   0   0   0   0   0   0   0   0   0   0   0   0   0 
P16   0   0   0   0   0   0   0   0   0   0   0   0   0   0   0   0   0   0   0   0 
P17   0   0   0   0   0   0   0   0   0   0   0   0   0   0   0   0   0   0   0   0 
